*****************************************
Welcome! EHPath is able to analyze and rank electron/hole hopping pathways between an electron/hole donor and an electron/hole acceptor according to the overall mean residence time.
*****************************************

Please enter the name of donor file (eg: donor.csv): inputs/donor_3cg8.csv
Please enter the name of bridge file, (eg: bridge.csv): inputs/bridge_3cg8.csv
Please enter the name of acceptor file, (eg: acceptor.csv): inputs/acceptor_3cg8.csv
Please enter residue number of donor: 1414
Please enter cutoff_num (cutoff_num + 1 = maximum number of nodes in the pathway, Warning: A larger cutoff_num will cost more memory and leads to longer computation time): 5
Please specify the number of pathways to be printed: 400
Please enter the type of donor/acceptor (electron or hole): hole
Please specify the value for α: 1

Start calculation........

Top 400 pathways ranked according to the approximate mean residence time:
[1414, 3108, 3132, 3155, 3065, 3054] 0.015771597158710224
[1414, 3108, 3132, 3065, 3054] 0.017880084857070204
[1414, 3108, 3132, 3130, 3065, 3054] 0.02174323165637438
[1414, 3108, 3130, 3132, 3065, 3054] 0.0230684587556495
[1414, 3108, 3130, 3065, 3054] 0.02672334654836637
[1414, 1284, 3108, 3132, 3065, 3054] 0.03991350561147366
[1414, 1284, 3108, 3130, 3065, 3054] 0.04875676730276982
[1414, 3108, 1284, 1314] 0.04992225118447092
[1414, 1284, 1314] 0.07193868340620643
[1414, 3153, 3108, 3132, 3065, 3054] 0.13235494124980943
[1414, 3153, 3155, 3065, 3054] 0.1348848861461378
[1414, 3153, 3155, 3132, 3065, 3054] 0.13710369013098192
[1414, 3153, 3155, 3174, 3065, 3054] 0.1392396513009531
[1414, 3153, 3108, 3130, 3065, 3054] 0.14119820294110558
[1414, 3153, 3132, 3155, 3065, 3054] 0.1422618048876779
[1414, 3153, 3132, 3065, 3054] 0.1443702925860379
[1414, 3153, 3132, 3130, 3065, 3054] 0.14823343938534206
[1414, 3108, 3130, 3155, 3065, 3054] 0.1552162471020821
[1414, 3153, 3108, 1284, 1314] 0.16439710757721016
[1414, 3153, 3132, 3108, 1284, 1314] 0.17668044644817904
[1414, 3108, 1284, 3132, 3065, 3054] 0.24822134701883525
[1414, 3108, 1284, 3130, 3065, 3054] 0.25108864771223544
[1414, 1284, 3132, 3155, 3065, 3054] 0.26812929154221077
[1414, 1284, 3130, 3132, 3065, 3054] 0.26945019214125404
[1414, 1284, 3132, 3065, 3054] 0.27023777924057074
[1414, 1284, 3130, 3065, 3054] 0.27310507993397093
[1414, 1284, 3132, 3130, 3065, 3054] 0.2741009260398749
[1414, 3153, 3155, 3130, 3065, 3054] 0.27531533032069483
[1414, 3108, 3132, 1284, 1314] 0.2807508388634293
[1414, 3108, 3130, 3132, 1284, 1314] 0.28593921276200857
[1414, 3153, 1240, 3108, 1284, 1314] 0.2931895456428699
[1414, 3108, 3153, 3155, 3065, 3054] 0.3086482155422267
[1414, 3108, 3153, 3132, 3065, 3054] 0.3181336219821268
[1414, 3153, 3108, 3132, 1284, 1314] 0.39522569525616846
[1414, 3153, 3155, 3132, 1284, 1314] 0.399974444137341
[1414, 1284, 3130, 3155, 3065, 3054] 0.40159798048768663
[1414, 3153, 3132, 1284, 1314] 0.40724104659239696
[1414, 3108, 1413, 1284, 1314] 0.4780274200914551
[1414, 3153, 1240, 1286, 1284, 1314] 0.49555918553242256
[1414, 3108, 3153, 3132, 1284, 1314] 0.5810043759884859
[1414, 3153, 3108, 1413, 1284, 1314] 0.5925022764841944
[1414, 1240, 3153, 3155, 3065, 3054] 0.6147968038322665
[1414, 1240, 3153, 3132, 3065, 3054] 0.6242822102721667
[1414, 3108, 1413, 1286, 1284, 1314] 0.6412108358089275
[1414, 1240, 3153, 3108, 1284, 1314] 0.644309025263339
[1414, 1240, 3108, 3132, 3065, 3054] 0.7254147987745658
[1414, 1240, 3108, 3130, 3065, 3054] 0.7342580604658621
[1414, 1240, 3108, 1284, 1314] 0.7574569651019666
[1414, 1240, 3153, 3132, 1284, 1314] 0.8871529642785259
[1414, 1286, 1284, 1314] 0.95376794105641
[1414, 1240, 1286, 1284, 1314] 0.9598266049915192
[1414, 1240, 3108, 3132, 1284, 1314] 0.9882855527809251
[1414, 1286, 1284, 3132, 3065, 3054] 1.1520670368907746
[1414, 1286, 1284, 3130, 3065, 3054] 1.1549343375841745
[1414, 1240, 3108, 1413, 1284, 1314] 1.1855621340089506
[1414, 1286, 1240, 3108, 1284, 1314] 1.230280277076313
[1414, 3108, 3155, 3065, 3054] 1.4387154658590533
[1414, 3108, 3155, 3132, 3065, 3054] 1.4409342698438976
[1414, 3108, 3155, 3174, 3065, 3054] 1.4430702310138688
[1414, 1284, 3108, 3155, 3065, 3054] 1.4607488866134568
[1414, 3153, 3108, 3155, 3065, 3054] 1.5531903222517924
[1414, 3108, 3155, 3130, 3065, 3054] 1.5791459100336103
[1414, 3153, 3155, 3108, 1284, 1314] 1.5925061670551468
[1414, 3108, 3132, 3155, 3054] 1.6310491487309091
[1414, 3108, 3132, 3065, 3155, 3054] 1.6331606912667573
[1414, 3108, 3130, 3132, 3155, 3054] 1.6362375226294883
[1414, 3108, 3130, 3065, 3155, 3054] 1.6420039529580535
[1414, 1284, 3108, 3132, 3155, 3054] 1.6530825694853124
[1414, 3108, 3132, 3153, 3155, 3054] 1.6650725960785409
[1414, 3108, 3155, 3132, 1284, 1314] 1.7038050238502565
[1414, 3153, 3108, 3132, 3155, 3054] 1.7455240051236482
[1414, 3153, 3155, 3054] 1.7501624377183365
[1414, 3153, 3132, 3155, 3054] 1.7575393564598765
[1414, 3153, 3132, 3065, 3155, 3054] 1.7596508989957251
[1414, 3108, 3132, 3130, 3155, 3054] 1.765513683782289
[1414, 3108, 3130, 3155, 3054] 1.7704937986742808
[1414, 1284, 3108, 3130, 3155, 3054] 1.7925272194286843
[1414, 3108, 1284, 3132, 3155, 3054] 1.861390410892674
[1414, 1284, 3130, 3132, 3155, 3054] 1.8826192560150927
[1414, 1284, 3132, 3155, 3054] 1.8834068431144093
[1414, 3153, 3108, 3130, 3155, 3054] 1.8849686550670202
[1414, 1284, 3132, 3065, 3155, 3054] 1.8855183856502578
[1414, 1284, 3130, 3065, 3155, 3054] 1.888385686343658
[1414, 3153, 3132, 3130, 3155, 3054] 1.8920038915112567
[1414, 1284, 3132, 3153, 3155, 3054] 1.9174302904620413
[1414, 3108, 3153, 3155, 3054] 1.9239257671144254
[1414, 3108, 3153, 3132, 3155, 3054] 1.9313026858559654
[1414, 1284, 3108, 3153, 3155, 3054] 1.9459591878688287
[1414, 3132, 3155, 3065, 3054] 1.9746349444392033
[1414, 3132, 3065, 3054] 1.9767434321375634
[1414, 3132, 3155, 3174, 3065, 3054] 1.9789897095940185
[1414, 3132, 3130, 3065, 3054] 1.9806065789368676
[1414, 3132, 3108, 3130, 3065, 3054] 1.9858546813636
[1414, 3108, 1284, 3130, 3155, 3054] 1.99485909983815
[1414, 3132, 3153, 3155, 3065, 3054] 2.008658391786835
[1414, 3132, 3108, 1284, 1314] 2.0090535859997045
[1414, 3132, 3130, 3108, 1284, 1314] 2.014298196914348
[1414, 1284, 3130, 3155, 3054] 2.0168755320598852
[1414, 1284, 3132, 3130, 3155, 3054] 2.0178713781657893
[1414, 3132, 3153, 3108, 1284, 1314] 2.038170613217907
[1414, 1240, 1152, 1153, 1155, 1054] 2.0578344182360597
[1414, 3153, 1240, 1284, 1314] 2.0957650995189465
[1414, 3132, 3130, 3155, 3065, 3054] 2.1090994794905833
[1414, 3155, 3065, 3054] 2.113873594987615
[1414, 3132, 3155, 3130, 3065, 3054] 2.1150653886137607
[1414, 3155, 3132, 3065, 3054] 2.1160923989724587
[1414, 3155, 3174, 3065, 3054] 2.1182283601424303
[1414, 3155, 3132, 3130, 3065, 3054] 2.1199555457717634
[1414, 1240, 3108, 3155, 3065, 3054] 2.146250179776549
[1414, 3155, 3132, 3108, 1284, 1314] 2.1484025528346002
[1414, 1240, 3153, 3155, 3054] 2.230074355404465
[1414, 3153, 3152, 3240, 3284, 3314] 2.2327337388501736
[1414, 1240, 3153, 3132, 3155, 3054] 2.2374512741460055
[1414, 3132, 1284, 1314] 2.2396141861439225
[1414, 3155, 3130, 3132, 3065, 3054] 2.250649151369455
[1414, 3155, 3130, 3065, 3054] 2.254304039162172
[1414, 3108, 3153, 1240, 1284, 1314] 2.2695284289150353
[1414, 3108, 3132, 3174, 3065, 3054] 2.2764156471907895
[1414, 3155, 3130, 3108, 1284, 1314] 2.287995657139653
[1414, 1240, 3108, 3132, 3155, 3054] 2.3385838626484046
[1414, 3155, 3132, 1284, 1314] 2.3789631529788178
[1414, 3153, 3132, 3174, 3065, 3054] 2.4029058549197573
[1414, 3132, 3108, 1413, 1284, 1314] 2.437158754906689
[1414, 3132, 1284, 3130, 3065, 3054] 2.440780582671687
[1414, 3155, 3065, 3132, 1284, 1314] 2.4490457928643834
[1414, 1240, 3108, 3130, 3155, 3054] 2.4780285125917763
[1414, 3108, 1284, 1286, 1314] 2.4818493818090466
[1414, 1284, 1286, 1314] 2.5038658140307817
[1414, 3155, 3130, 3132, 1284, 1314] 2.513519905375814
[1414, 1284, 3132, 3174, 3065, 3054] 2.52877334157429
[1414, 1240, 1284, 1314] 2.5600325189780433
[1414, 3155, 3153, 3132, 3065, 3054] 2.5793056126006277
[1414, 3153, 3108, 1284, 1286, 1314] 2.5963242382017855
[1414, 3155, 3153, 3108, 1284, 1314] 2.5993324275918006
[1414, 3153, 1240, 1286, 1314] 2.60013426186607
[1414, 1240, 3108, 3153, 3155, 3054] 2.631460481031921
[1414, 1286, 1240, 3153, 3155, 3054] 2.702897667378812
[1414, 3108, 3132, 1284, 1286, 1314] 2.7126779694880048
[1414, 3108, 1413, 1286, 1314] 2.745785912142575
[1414, 1240, 1284, 3132, 3065, 3054] 2.7583316148124073
[1414, 1240, 1284, 3130, 3065, 3054] 2.761198915505808
[1414, 1286, 1284, 3132, 3155, 3054] 2.7652361007646133
[1414, 1284, 3108, 1413, 1286, 1314] 2.7678193328969787
[1414, 3108, 3153, 1240, 1286, 1314] 2.773897591262159
[1414, 3108, 3132, 3130, 3054] 2.7869690693216405
[1414, 3108, 3130, 3054] 2.791949184213632
[1414, 3108, 3132, 3065, 3130, 3054] 2.795046520980666
[1414, 1284, 3108, 3132, 3130, 3054] 2.8090024900760437
[1414, 1284, 3108, 3130, 3054] 2.813982604968036
[1414, 3153, 3132, 1284, 1286, 1314] 2.8391681772169726
[1414, 3155, 3153, 3132, 1284, 1314] 2.842176366606987
[1414, 3153, 3108, 1413, 1286, 1314] 2.8602607685353143
[1414, 1286, 1284, 3130, 3155, 3054] 2.898704789710089
[1414, 1284, 1286, 1174, 1065, 1054] 2.900616614113884
[1414, 3153, 3108, 3132, 3130, 3054] 2.9014439257143794
[1414, 3153, 3155, 3132, 3130, 3054] 2.906192674595552
[1414, 3153, 3108, 3130, 3054] 2.9064240406063715
[1414, 3108, 1413, 1284, 1286, 1314] 2.90995455071603
[1414, 3153, 3155, 3065, 3130, 3054] 2.9120513222697335
[1414, 3153, 3132, 3130, 3054] 2.913459277050608
[1414, 3153, 3132, 3108, 3130, 3054] 2.9187073794773406
[1414, 3108, 3132, 3155, 3130, 3054] 2.921427878998533
[1414, 3153, 3132, 3065, 3130, 3054] 2.9215367287096337
[1414, 3108, 1284, 3130, 3054] 3.0163144853775012
[1414, 3108, 1284, 3132, 3130, 3054] 3.0173103314834053
[1414, 1286, 1240, 1284, 1314] 3.0328558309523896
[1414, 3153, 1240, 3108, 3130, 3054] 3.0352164786720315
[1414, 1284, 3130, 3054] 3.038330917599237
[1414, 1284, 3132, 3130, 3054] 3.039326763705141
[1414, 3153, 3155, 3130, 3054] 3.040541167985961
[1414, 1284, 3132, 3108, 3130, 3054] 3.0445748661318732
[1414, 1284, 3132, 3065, 3130, 3054] 3.0474042153641667
[1414, 3153, 3132, 3155, 3130, 3054] 3.0479180867275004
[1414, 3108, 3155, 3054] 3.053993017431252
[1414, 1286, 1314] 3.058343017390057
[1414, 1240, 1286, 1314] 3.0644016813251667
[1414, 1284, 3108, 3155, 3054] 3.0760264381856555
[1414, 3108, 3153, 3132, 3130, 3054] 3.087222606446697
[1414, 3153, 3108, 1284, 3130, 3054] 3.1307893417702406
[1414, 3153, 3108, 3155, 3054] 3.168467873823991
[1414, 1284, 3132, 3155, 3130, 3054] 3.173785573382034
[1414, 3153, 3132, 3108, 3155, 3054] 3.18075121269496
[1414, 1240, 3108, 1284, 1286, 1314] 3.189384095726542
[1414, 3108, 3153, 3155, 3130, 3054] 3.2143044973820496
[1414, 3108, 3132, 1284, 3130, 3054] 3.24714307305646
[1414, 3153, 1240, 3108, 3155, 3054] 3.2972603118896506
[1414, 1284, 3132, 3108, 3155, 3054] 3.306618699349493
[1414, 1284, 3130, 3108, 3155, 3054] 3.310867464158233
[1414, 3108, 1412, 3155, 3065, 3054] 3.3180169983303727
[1414, 3153, 3132, 1284, 3130, 3054] 3.3736332807854272
[1414, 1240, 3153, 3108, 3130, 3054] 3.3863359582925003
[1414, 1240, 3153, 3132, 3130, 3054] 3.3933711947367375
[1414, 3132, 3108, 3155, 3065, 3054] 3.397846800674287
[1414, 3132, 3155, 3108, 1284, 1314] 3.4322562253482127
[1414, 3108, 1413, 1284, 3130, 3054] 3.4444196542844856
[1414, 1240, 3108, 1413, 1286, 1314] 3.4533206260600706
[1414, 1286, 1174, 1065, 1054] 3.45509381747316
[1414, 1286, 1174, 1155, 1065, 1054] 3.456086690735651
[1414, 1240, 1286, 1174, 1065, 1054] 3.4611524814082695
[1414, 3108, 1412, 3174, 3065, 3054] 3.4625132612146787
[1414, 1240, 3108, 3132, 3130, 3054] 3.494503783239136
[1414, 1240, 3108, 3130, 3054] 3.4994838981311283
[1414, 1240, 3153, 3155, 3130, 3054] 3.5204530856720897
[1414, 3155, 3108, 3132, 3065, 3054] 3.539452709569223
[1414, 3155, 3108, 3130, 3065, 3054] 3.5482959712605195
[1414, 3155, 3108, 1284, 1314] 3.571494875896624
[1414, 3132, 3155, 3054] 3.589912496011402
[1414, 3132, 3065, 3155, 3054] 3.59202403854725
[1414, 3132, 3130, 3065, 3155, 3054] 3.595887185346555
[1414, 3132, 3065, 3174, 3155, 3054] 3.596378803702066
[1414, 3108, 1412, 3065, 3054] 3.601824107291701
[1414, 1284, 1240, 3153, 3155, 3054] 3.605954343388591
[1414, 1284, 3108, 1412, 3065, 3054] 3.6238575280461047
[1414, 3132, 3153, 3155, 3054] 3.623935943359034
[1414, 1240, 3153, 3108, 3155, 3054] 3.6483797915101195
[1414, 1286, 1284, 3108, 3130, 3054] 3.6958118626182395
[1414, 3153, 3108, 1412, 3065, 3054] 3.7162989636844403
[1414, 1240, 3108, 1284, 3130, 3054] 3.723849199294997
[1414, 3132, 3130, 3155, 3054] 3.7243770310627817
[1414, 3155, 3054] 3.729151146559814
[1414, 3132, 3108, 3130, 3155, 3054] 3.7296251334895145
[1414, 3132, 3065, 3130, 3155, 3054] 3.7324544827218076
[1414, 1240, 3108, 3155, 3054] 3.761527731348748
[1414, 3155, 3108, 3132, 1284, 1314] 3.802323463575582
[1414, 3132, 3108, 3153, 3155, 3054] 3.8830571019296585
[1414, 3108, 3132, 3174, 3155, 3054] 3.8931510117561516
[1414, 1286, 1284, 3130, 3054] 3.92016017524944
[1414, 1286, 1284, 3132, 3130, 3054] 3.9211560213553445
[1414, 1240, 1286, 1284, 3130, 3054] 3.92621883918455
[1414, 1286, 1284, 3108, 3155, 3054] 3.9578556958358586
[1414, 3132, 3153, 1240, 1284, 1314] 3.9695386051596433
[1414, 1286, 1240, 3108, 3130, 3054] 3.9723072101054737
[1414, 3155, 3108, 1413, 1284, 1314] 3.9996000448036084
[1414, 3153, 3132, 3174, 3155, 3054] 4.01964121948512
[1414, 1284, 3132, 3174, 3155, 3054] 4.145508706139652
[1414, 3132, 1284, 3130, 3155, 3054] 4.184551034797601
[1414, 3108, 3155, 3132, 3130, 3054] 4.210023254308467
[1414, 3108, 3155, 3065, 3130, 3054] 4.215881901982649
[1414, 1286, 1240, 3108, 3155, 3054] 4.234351043323095
[1414, 3132, 3174, 3065, 3054] 4.235278994471281
[1414, 3132, 3174, 3155, 3065, 3054] 4.236736807464445
[1414, 1240, 3108, 1412, 3065, 3054] 4.309358821209197
[1414, 3153, 1412, 3108, 1284, 1314] 4.315261453872591
[1414, 3153, 3155, 3108, 3130, 3054] 4.334533100084308
[1414, 1284, 1286, 1174, 1155, 1054] 4.340855502985423
[1414, 3108, 3155, 3130, 3054] 4.344371747698876
[1414, 1284, 3108, 3155, 3130, 3054] 4.36640516845328
[1414, 1240, 1284, 3132, 3155, 3054] 4.371500678686246
[1414, 3155, 3132, 3174, 3065, 3054] 4.374627961306177
[1414, 3153, 1412, 3155, 3065, 3054] 4.37751072967985
[1414, 3108, 1284, 1240, 1286, 1314] 4.418265237087557
[1414, 1284, 1240, 1286, 1314] 4.440281669309292
[1414, 3132, 3108, 1284, 1286, 1314] 4.44098071662428
[1414, 3153, 3108, 3155, 3130, 3054] 4.458846604091615
[1414, 3132, 3153, 1240, 1286, 1314] 4.473907767506767
[1414, 1240, 1284, 3130, 3155, 3054] 4.5049693676317215
[1414, 3153, 1412, 3174, 3065, 3054] 4.5220069925641555
[1414, 3153, 1240, 1284, 1286, 1314] 4.527692230143522
[1414, 3155, 3153, 1240, 1284, 1314] 4.530700419533536
[1414, 3153, 1412, 3065, 3054] 4.661317838641179
[1414, 3132, 1284, 1286, 1314] 4.671541316768498
[1414, 3108, 1240, 1286, 1284, 1314] 4.67935082449854
[1414, 3132, 3108, 1413, 1286, 1314] 4.704917246957809
[1414, 3132, 3130, 3054] 4.745832416602133
[1414, 3132, 3108, 3130, 3054] 4.751080519028866
[1414, 3132, 3155, 3065, 3130, 3054] 4.7518013805627985
[1414, 3132, 3065, 3130, 3054] 4.753909868261159
[1414, 3132, 3153, 3108, 3130, 3054] 4.780197546247068
[1414, 3155, 3132, 1284, 1286, 1314] 4.810890283603394
[1414, 3108, 3153, 1412, 3065, 3054] 4.835081168037268
[1414, 1284, 1240, 3108, 3130, 3054] 4.875363886115253
[1414, 3132, 3155, 3130, 3054] 4.880291226279026
[1414, 3132, 3065, 3155, 3130, 3054] 4.882402768814875
[1414, 3155, 3132, 3130, 3054] 4.885181383437029
[1414, 3155, 3132, 3108, 3130, 3054] 4.890429485863761
[1414, 3155, 3065, 3130, 3054] 4.891040031111211
[1414, 3155, 3132, 3065, 3130, 3054] 4.893258835096054
[1414, 1286, 1174, 1065, 1155, 1054] 4.894342310553231
[1414, 1286, 1174, 1155, 1054] 4.895332706344699
[1414, 3155, 3174, 3065, 3130, 3054] 4.895394796266026
[1414, 1240, 1286, 1174, 1155, 1054] 4.901391370279808
[1414, 3132, 3153, 3155, 3130, 3054] 4.914314673626658
[1414, 3108, 1412, 3155, 3054] 4.9332945499025715
[1414, 3155, 3065, 3132, 3130, 3054] 4.955264023322595
[1414, 1284, 3108, 1412, 3155, 3054] 4.955327970656975
[1414, 3132, 3108, 1284, 3130, 3054] 4.975445820192735
[1414, 3132, 1284, 3108, 3130, 3054] 4.981658107705751
[1414, 1240, 1284, 1286, 1314] 4.991959649602618
[1414, 3132, 3108, 3155, 3054] 5.013124352246486
[1414, 3132, 3130, 3108, 3155, 3054] 5.018368963161129
[1414, 3155, 3130, 3054] 5.019529876827438
[1414, 3108, 1412, 3153, 3155, 3054] 5.0302998730638375
[1414, 3155, 3153, 1240, 1286, 1314] 5.03506958188066
[1414, 3132, 3153, 3108, 3155, 3054] 5.042241379464688
[1414, 3153, 3108, 1412, 3155, 3054] 5.047769406295311
[1414, 1240, 3108, 3155, 3130, 3054] 5.051906461616372
[1414, 3153, 1240, 1284, 3130, 3054] 5.062157333711976
[1414, 3108, 1412, 3174, 3155, 3054] 5.079248625780041
[1414, 1284, 1240, 3108, 3155, 3054] 5.137407719332873
[1414, 1240, 3153, 1412, 3065, 3054] 5.141229756327308
[1414, 3132, 1284, 3130, 3054] 5.206006420336953
[1414, 3108, 1412, 3065, 3155, 3054] 5.217104713701389
[1414, 3132, 1284, 3108, 3155, 3054] 5.243701940923371
[1414, 1240, 1284, 3108, 3130, 3054] 5.302076440539873
[1414, 3155, 3153, 3108, 3130, 3054] 5.341359360620961
[1414, 3155, 3132, 1284, 3130, 3054] 5.345355387171848
[1414, 3155, 3153, 3132, 3130, 3054] 5.348394597065198
[1414, 3155, 3174, 3286, 3284, 3314] 5.465784076768718
[1414, 1240, 1284, 3130, 3054] 5.5264247531710735
[1414, 1240, 1284, 3132, 3130, 3054] 5.527420599276978
[1414, 3132, 3108, 1412, 3065, 3054] 5.560955442106935
[1414, 1240, 1284, 3108, 3155, 3054] 5.564120273757492
[1414, 1240, 3108, 1412, 3155, 3054] 5.640829263820066
[1414, 3132, 3174, 3065, 3155, 3054] 5.850559600880969
[1414, 3132, 3174, 3155, 3054] 5.8520143590366445
[1414, 3108, 1240, 3153, 3155, 3054] 5.949598574911487
[1414, 3153, 1412, 3155, 3054] 5.992788281252048
[1414, 1286, 1240, 1284, 3130, 3054] 5.999248065145419
[1414, 3155, 3108, 1284, 1286, 1314] 6.0034220065212
[1414, 3153, 1412, 3174, 3155, 3054] 6.138742357129518
[1414, 3108, 1286, 1284, 1314] 6.140970931470288
[1414, 3108, 3153, 1412, 3155, 3054] 6.1665516106481375
[1414, 3132, 3155, 3108, 3130, 3054] 6.174283158377374
[1414, 3108, 1412, 3155, 3130, 3054] 6.223673280170195
[1414, 3153, 3108, 1286, 1284, 1314] 6.255445787863027
[1414, 3155, 3108, 1413, 1286, 1314] 6.2673585368547275
[1414, 3153, 1412, 3065, 3155, 3054] 6.276598445050867
[1414, 3108, 1240, 1284, 1314] 6.279556738485065
[1414, 1286, 1174, 1065, 1130, 1054] 6.30297148855664
[1414, 3132, 3108, 3155, 3130, 3054] 6.303503082514109
[1414, 3155, 3108, 3132, 3130, 3054] 6.308541694033794
[1414, 3155, 3108, 3130, 3054] 6.313521808925785
[1414, 1286, 3108, 3132, 3065, 3054] 6.377239138543417
[1414, 3108, 1412, 3065, 3130, 3054] 6.378990543415297
[1414, 1286, 3108, 3130, 3065, 3054] 6.386082400234713
[1414, 3153, 3108, 1240, 1284, 1314] 6.394031594877804
[1414, 1286, 3108, 1284, 1314] 6.409281304870818
[1414, 1240, 1286, 3108, 1284, 1314] 6.415339968805928
[1414, 1286, 1174, 1155, 1130, 1054] 6.431219010198547
[1414, 1240, 3153, 1412, 3155, 3054] 6.472700198938177
[1414, 3132, 3153, 1412, 3065, 3054] 6.535091344281876
[1414, 3155, 3108, 1284, 3130, 3054] 6.537887110089654
[1414, 3132, 1284, 1240, 1286, 1314] 6.607957172047008
[1414, 1286, 3108, 3132, 1284, 1314] 6.640109892549777
[1414, 3108, 1240, 1286, 1314] 6.783925900832188
[1414, 1284, 3108, 1240, 1286, 1314] 6.80595932158659
[1414, 1286, 3108, 1413, 1284, 1314] 6.837386473777802
[1414, 1240, 3108, 1286, 1284, 1314] 6.8485056453877835
[1414, 3132, 3108, 1412, 3155, 3054] 6.892425884717804
[1414, 3153, 3108, 1240, 1286, 1314] 6.898400757224926
[1414, 1240, 1152, 1153, 1132, 1054] 6.925515167425828
[1414, 3132, 3174, 3065, 3130, 3054] 7.012445430594876
[1414, 3153, 1412, 3108, 3130, 3054] 7.057288386901751
[1414, 3155, 3153, 1412, 3065, 3054] 7.096253158655769
[1414, 3155, 3108, 1412, 3065, 3054] 7.123396732003855
[1414, 3132, 3174, 3155, 3130, 3054] 7.142393089304269
[1414, 3108, 1284, 1413, 1286, 1314] 7.256863885601982
[1414, 1284, 1413, 1286, 1314] 7.278880317823718
[1414, 3153, 1412, 3155, 3130, 3054] 7.283167011519673
[1414, 3153, 1412, 3108, 3155, 3054] 7.319332220119371
[1414, 3153, 1412, 3065, 3130, 3054] 7.438484274764775
[1414, 1284, 1413, 3108, 3130, 3054] 7.543324216739771
[1414, 3132, 3174, 3286, 3284, 3314] 7.582834711097569
[1414, 3108, 3132, 3130, 1284, 1314] 7.675844684095533
[1414, 3108, 3130, 1284, 1314] 7.680824798987526
[1414, 3153, 3108, 3130, 1284, 1314] 7.795299655380265
[1414, 1286, 3108, 3155, 3065, 3054] 7.7980745195454
[1414, 3153, 3132, 3130, 1284, 1314] 7.802334891824501
[1414, 1284, 1413, 3108, 3155, 3054] 7.805368049957392
[1414, 3132, 3153, 1412, 3155, 3054] 7.8665617868927455
[1414, 3153, 3155, 3130, 1284, 1314] 7.929416782759854
[1414, 1286, 3108, 3132, 3155, 3054] 7.990408202417257
[1414, 3108, 3132, 3054] 7.995494093397565
[1414, 3108, 3130, 3132, 3054] 8.000682467296144
[1414, 1284, 3108, 3132, 3054] 8.017527514151968
[1414, 1284, 3108, 3130, 3132, 3054] 8.022715888050547
[1414, 3108, 3130, 3065, 3132, 3054] 8.07663879895927
[1414, 3132, 3108, 1286, 1284, 1314] 8.100102266285521
[1414, 3153, 3108, 3132, 3054] 8.109968949790304
[1414, 3153, 3155, 3132, 3054] 8.114717698671475
[1414, 3153, 3108, 3130, 3132, 3054] 8.115157323688882
[1414, 3153, 3132, 3054] 8.121984301126531
[1414, 1286, 3108, 3130, 3155, 3054] 8.129852852360628
[1414, 3108, 3130, 3155, 3132, 3054] 8.13504905962742
[1414, 3153, 3155, 3065, 3132, 3054] 8.184800338557041
[1414, 3108, 1286, 1240, 1284, 1314] 8.220058821366267
[1414, 3108, 1284, 3130, 3132, 3054] 8.225047768460012
[1414, 3108, 1284, 3132, 3054] 8.22583535555933
[1414, 3132, 3108, 1240, 1284, 1314] 8.238688073300297
[1414, 3153, 1240, 3108, 3132, 3054] 8.238761387855963
[1414, 3108, 1286, 1314] 8.245546007803934
[1414, 1284, 3130, 3132, 3054] 8.247064200681749
[1414, 1284, 3132, 3054] 8.247851787781064
[1414, 3153, 3155, 3130, 3132, 3054] 8.249274451068471
[1414, 1284, 3130, 3108, 3132, 3054] 8.252368540124545
[1414, 1284, 3108, 1286, 1314] 8.267579428558339
[1414, 1286, 3108, 3153, 3155, 3054] 8.283284820800773
[1414, 3108, 3153, 3155, 3132, 3054] 8.288481028067565
[1414, 3108, 3153, 3132, 3054] 8.295747630522621
[1414, 1284, 3108, 3153, 3132, 3054] 8.317781051277024

Top 400 pathways ranked according to the exact mean residence time:
[1414, 3108, 3132, 3155, 3065, 3054] 0.04738016780061137
[1414, 3108, 3132, 3130, 3065, 3054] 0.05960347549306964
[1414, 3108, 3130, 3065, 3054] 0.06374120909903871
[1414, 1284, 1314] 0.07415618258787343
[1414, 1284, 3108, 3130, 3065, 3054] 0.08657921977342314
[1414, 3108, 3132, 3065, 3054] 0.1041560434344138
[1414, 1284, 3108, 3132, 3065, 3054] 0.12877741320348854
[1414, 3153, 3132, 3065, 3054] 0.14845168733087263
[1414, 3153, 3155, 3065, 3054] 0.1514705946507783
[1414, 3153, 3132, 3155, 3065, 3054] 0.15964542761584938
[1414, 3153, 3132, 3130, 3065, 3054] 0.1659874550396903
[1414, 3153, 3155, 3174, 3065, 3054] 0.17291820976377603
[1414, 3153, 3108, 3130, 3065, 3054] 0.17939497907788063
[1414, 3108, 3130, 3132, 3065, 3054] 0.195247641335338
[1414, 3153, 3108, 3132, 3065, 3054] 0.22159317250794602
[1414, 3153, 3155, 3132, 3065, 3054] 0.22655491738695696
[1414, 1284, 3132, 3065, 3054] 0.28364528313218335
[1414, 1284, 3132, 3155, 3065, 3054] 0.29483902341716006
[1414, 1284, 3130, 3065, 3054] 0.2994882582706422
[1414, 1284, 3132, 3130, 3065, 3054] 0.301181050841001
[1414, 3153, 3155, 3130, 3065, 3054] 0.3177932237645211
[1414, 3108, 3130, 3155, 3065, 3054] 0.33640634698200306
[1414, 1284, 3130, 3132, 3065, 3054] 0.3685141849687489
[1414, 1284, 3130, 3155, 3065, 3054] 0.4475291836538548
[1414, 1240, 3153, 3155, 3065, 3054] 0.6455234788653097
[1414, 1240, 3153, 3132, 3065, 3054] 0.6519914594162418
[1414, 3153, 3132, 1284, 1314] 0.7510191314652211
[1414, 1240, 3108, 3130, 3065, 3054] 0.7778300781546971
[1414, 3108, 3153, 3155, 3065, 3054] 0.783735826124582
[1414, 1240, 3108, 3132, 3065, 3054] 0.8200282715847623
[1414, 3108, 3153, 3132, 3065, 3054] 1.0958102328036599
[1414, 3108, 3155, 3065, 3054] 1.4716535762629401
[1414, 3108, 3155, 3174, 3065, 3054] 1.497324842454725
[1414, 1240, 3153, 3132, 1284, 1314] 1.5324687092575773
[1414, 1284, 3108, 3155, 3065, 3054] 1.537004107245675
[1414, 3108, 3155, 3132, 3065, 3054] 1.6149152501146962
[1414, 3153, 3108, 3155, 3065, 3054] 1.629819866550132
[1414, 3108, 1284, 1314] 1.709661623243503
[1414, 3108, 3155, 3130, 3065, 3054] 1.7741785437224367
[1414, 3153, 3155, 3054] 1.802036298647121
[1414, 3153, 3132, 3155, 3054] 1.8588442073749376
[1414, 3153, 3108, 1284, 1314] 1.8744162968601845
[1414, 3153, 3132, 3108, 1284, 1314] 1.9371587431900326
[1414, 3132, 3065, 3054] 1.977324931857015
[1414, 3132, 3155, 3065, 3054] 1.990628641271289
[1414, 1284, 3132, 3155, 3054] 1.9940378031762485
[1414, 3132, 3130, 3065, 3054] 1.9967880971204675
[1414, 3132, 3155, 3174, 3065, 3054] 2.012076256384287
[1414, 3132, 3108, 3130, 3065, 3054] 2.02367745981606
[1414, 3132, 3153, 3155, 3065, 3054] 2.0399572904906074
[1414, 1284, 3132, 3153, 3155, 3054] 2.126022975505942
[1414, 3155, 3065, 3054] 2.12940024785745
[1414, 3132, 3130, 3155, 3065, 3054] 2.14482902250368
[1414, 3155, 3174, 3065, 3054] 2.1507167488944194
[1414, 3132, 3155, 3130, 3065, 3054] 2.156951270385032
[1414, 3155, 3132, 3130, 3065, 3054] 2.1578155848349017
[1414, 3153, 1240, 3108, 1284, 1314] 2.1882318910761303
[1414, 3155, 3132, 3065, 3054] 2.202368152776246
[1414, 1240, 3108, 3155, 3065, 3054] 2.228254965626949
[1414, 3153, 1240, 1286, 1284, 1314] 2.2896358046570606
[1414, 3155, 3130, 3065, 3054] 2.2914947711423896
[1414, 3132, 1284, 1314] 2.301982570284376
[1414, 1240, 3153, 3155, 3054] 2.3447222586243974
[1414, 1240, 3153, 3132, 3155, 3054] 2.4089070860937545
[1414, 1240, 3153, 3108, 1284, 1314] 2.4130059401923942
[1414, 3155, 3130, 3132, 3065, 3054] 2.4230012033786896
[1414, 1240, 3108, 1284, 1314] 2.4728513959370013
[1414, 1284, 1286, 1314] 2.582033841149117
[1414, 1286, 1284, 1314] 2.613932435427858
[1414, 1240, 1286, 1284, 1314] 2.6800859203415284
[1414, 1240, 1284, 1314] 2.6980017328413655
[1414, 3132, 1284, 3130, 3065, 3054] 2.7076514464403423
[1414, 3153, 1240, 1286, 1314] 2.767278899909096
[1414, 1284, 1286, 1174, 1065, 1054] 3.021236871426445
[1414, 1286, 1314] 3.061650511551307
[1414, 3153, 3132, 3130, 3054] 3.085918679875364
[1414, 1240, 1284, 3132, 3065, 3054] 3.0907508775194117
[1414, 1240, 1284, 3130, 3065, 3054] 3.1036706089973314
[1414, 1284, 3130, 3054] 3.1361635513109523
[1414, 1240, 1286, 1314] 3.1427665060292704
[1414, 1284, 3132, 3130, 3054] 3.2211122756766746
[1414, 3108, 3132, 3155, 3054] 3.3132234233691538
[1414, 3153, 3132, 1284, 1286, 1314] 3.327093425420691
[1414, 3155, 3153, 3132, 3065, 3054] 3.3572000326368414
[1414, 1284, 3108, 3132, 3155, 3054] 3.3843678997716764
[1414, 3132, 3108, 3155, 3065, 3054] 3.4741023472883117
[1414, 3153, 3108, 3132, 3155, 3054] 3.4771836590761325
[1414, 1286, 1174, 1065, 1054] 3.4889080952392293
[1414, 3153, 3132, 3065, 3155, 3054] 3.49394460176286
[1414, 1286, 1174, 1155, 1065, 1054] 3.505144994803892
[1414, 1240, 1286, 1174, 1065, 1054] 3.581969536306598
[1414, 3155, 3108, 3130, 3065, 3054] 3.613940419826352
[1414, 1284, 3130, 3132, 3155, 3054] 3.624104671536935
[1414, 1284, 3132, 3065, 3155, 3054] 3.6291381975641706
[1414, 3153, 3132, 3130, 3155, 3054] 3.6323733998081535
[1414, 3132, 3155, 3054] 3.6411943452676323
[1414, 1240, 3153, 3132, 3130, 3054] 3.670786986201461
[1414, 1284, 3130, 3155, 3054] 3.713372439222397
[1414, 3155, 3108, 3132, 3065, 3054] 3.713586957418547
[1414, 3132, 3108, 1284, 1314] 3.7186987775983646
[1414, 3155, 3054] 3.7313328760910474
[1414, 3132, 3153, 3155, 3054] 3.7391560702496953
[1414, 1284, 3132, 3130, 3155, 3054] 3.7675669956094646
[1414, 3132, 3153, 3108, 1284, 1314] 3.8074397518176912
[1414, 1284, 1240, 3153, 3155, 3054] 3.8766977005535623
[1414, 3108, 3153, 3155, 3054] 4.049579081693129
[1414, 1240, 3108, 3132, 3155, 3054] 4.07561875815295
[1414, 1240, 1152, 1153, 1155, 1054] 4.120803344219309
[1414, 1284, 3108, 3153, 3155, 3054] 4.142463666572315
[1414, 3153, 1240, 1284, 1314] 4.21597377730153
[1414, 3153, 3132, 1284, 3130, 3054] 4.340211964725419
[1414, 3108, 3153, 3132, 3155, 3054] 4.351400719371866
[1414, 3132, 3174, 3065, 3054] 4.351704310675001
[1414, 3132, 3174, 3155, 3065, 3054] 4.36871539991442
[1414, 3108, 3132, 3153, 3155, 3054] 4.541224938469261
[1414, 3108, 3155, 3054] 4.688863756068736
[1414, 1284, 1240, 1286, 1314] 4.692925469892694
[1414, 3132, 3153, 1240, 1286, 1314] 4.73822669167296
[1414, 3153, 3132, 3174, 3065, 3054] 4.7799602819569955
[1414, 1284, 3108, 3155, 3054] 4.802847362814217
[1414, 3132, 3130, 3054] 4.833463390160778
[1414, 1240, 3108, 3153, 3155, 3054] 4.833714524953589
[1414, 3132, 1284, 1286, 1314] 4.8439585465427335
[1414, 1240, 1284, 3132, 3155, 3054] 4.8476665041969245
[1414, 3153, 3108, 3155, 3054] 4.895663122118673
[1414, 1284, 3132, 3174, 3065, 3054] 4.915153877758306
[1414, 3108, 3130, 3132, 3155, 3054] 4.949512987794199
[1414, 3153, 3132, 3108, 3155, 3054] 5.000450260881777
[1414, 3153, 3155, 3108, 1284, 1314] 5.005035719541798
[1414, 3108, 3132, 3065, 3155, 3054] 5.016296396537733
[1414, 1284, 3132, 3108, 3155, 3054] 5.135643856683089
[1414, 1286, 1240, 3153, 3155, 3054] 5.1513773562023015
[1414, 3108, 3130, 3155, 3054] 5.1688940783599975
[1414, 1284, 3130, 3065, 3155, 3054] 5.211628611373957
[1414, 3108, 3132, 3130, 3155, 3054] 5.217258108570738
[1414, 1240, 1284, 1286, 1314] 5.239977709099723
[1414, 1284, 3108, 3130, 3155, 3054] 5.244233852851092
[1414, 3153, 1240, 3108, 3155, 3054] 5.251523408767875
[1414, 3132, 3065, 3155, 3054] 5.274184678550643
[1414, 3153, 3108, 3130, 3155, 3054] 5.337049612155548
[1414, 3108, 1284, 1286, 1314] 5.350065782724032
[1414, 3132, 3130, 3108, 1284, 1314] 5.381646630808706
[1414, 3132, 3130, 3155, 3054] 5.410672278072221
[1414, 1240, 3153, 3108, 3155, 3054] 5.476297457884138
[1414, 1240, 3108, 3155, 3054] 5.4940982211954905
[1414, 3155, 3132, 3108, 1284, 1314] 5.515846385255099
[1414, 3153, 3108, 1284, 1286, 1314] 5.548918774037826
[1414, 3108, 3130, 3054] 5.582386408009253
[1414, 3132, 1284, 3130, 3054] 5.627582671276015
[1414, 3108, 3132, 3130, 3054] 5.661504606198647
[1414, 1284, 3108, 3130, 3054] 5.688480350479
[1414, 1284, 3108, 3132, 3130, 3054] 5.76745451020845
[1414, 3153, 3108, 3130, 3054] 5.781296109783456
[1414, 3153, 3108, 3132, 3130, 3054] 5.860270269512906
[1414, 3153, 3155, 3132, 3130, 3054] 5.865232014391918
[1414, 3153, 3132, 3108, 3130, 3054] 5.878193584270828
[1414, 3153, 3132, 3065, 3130, 3054] 5.883266454437882
[1414, 3153, 3155, 3130, 3054] 5.9196943544700975
[1414, 1240, 3108, 3130, 3155, 3054] 5.935484711232366
[1414, 1284, 3132, 3108, 3130, 3054] 6.013387180072138
[1414, 3153, 3132, 3155, 3130, 3054] 6.015353225059335
[1414, 1284, 3132, 3065, 3130, 3054] 6.018460050239192
[1414, 1240, 1284, 3130, 3054] 6.023601833833004
[1414, 3132, 3108, 3153, 3155, 3054] 6.079561906614952
[1414, 1240, 1284, 3132, 3130, 3054] 6.109546404304631
[1414, 3153, 1240, 3108, 3130, 3054] 6.129266732156925
[1414, 3108, 3153, 1240, 1286, 1314] 6.138370640607568
[1414, 1240, 3108, 1284, 1286, 1314] 6.147353873114644
[1414, 1284, 3132, 3155, 3130, 3054] 6.150546820860646
[1414, 3132, 1284, 3130, 3155, 3054] 6.174037391208804
[1414, 3155, 3153, 3108, 1284, 1314] 6.247295623449632
[1414, 3153, 1412, 3108, 1284, 1314] 6.312425549505659
[1414, 1240, 3153, 3108, 3130, 3054] 6.354040781273189
[1414, 1240, 3108, 3130, 3054] 6.379731208860274
[1414, 1286, 3108, 3130, 3065, 3054] 6.45754655188915
[1414, 1240, 3108, 3132, 3130, 3054] 6.458705368589724
[1414, 1240, 3153, 3155, 3130, 3054] 6.501231276308793
[1414, 3108, 3130, 3065, 3155, 3054] 6.542529000873683
[1414, 1286, 3108, 3132, 3065, 3054] 6.557193089481347
[1414, 1240, 1284, 3130, 3155, 3054] 6.570056553765795
[1414, 3108, 3153, 3132, 3130, 3054] 6.734487329808654
[1414, 3132, 3108, 3155, 3054] 6.739945602856853
[1414, 3153, 1240, 1284, 1286, 1314] 6.792048071257001
[1414, 3132, 3155, 3108, 1284, 1314] 6.84419376616231
[1414, 3132, 3153, 3108, 3155, 3054] 6.870731269509435
[1414, 3155, 3108, 1284, 1314] 6.890676614470319
[1414, 3132, 3130, 3065, 3155, 3054] 6.908928450223782
[1414, 3132, 3065, 3174, 3155, 3054] 6.912367658229004
[1414, 3153, 1412, 3155, 3065, 3054] 6.95090463122657
[1414, 3132, 1284, 3108, 3155, 3054] 7.072719436031683
[1414, 1284, 1240, 3108, 3155, 3054] 7.177169978751472
[1414, 3132, 3108, 3130, 3155, 3054] 7.181332092893729
[1414, 3132, 3065, 3130, 3155, 3054] 7.184277759790302
[1414, 3155, 3130, 3108, 1284, 1314] 7.268244978476546
[1414, 1284, 1286, 1174, 1155, 1054] 7.386251692117616
[1414, 3132, 3108, 1284, 1286, 1314] 7.393201254776007
[1414, 1240, 1284, 3108, 3155, 3054] 7.468738598588674
[1414, 3132, 3108, 3130, 3054] 7.625578590521636
[1414, 3132, 3065, 3130, 3054] 7.628524257418208
[1414, 3132, 3174, 3155, 3054] 7.634558655482962
[1414, 3132, 3153, 3108, 3130, 3054] 7.748474592898487
[1414, 3132, 3155, 3130, 3054] 7.758852401090609
[1414, 3155, 3132, 3130, 3054] 7.759716715540479
[1414, 3153, 1240, 1284, 3130, 3054] 7.805166610561727
[1414, 3155, 3130, 3054] 7.810139970052603
[1414, 1286, 1174, 1155, 1054] 7.810559936651227
[1414, 3132, 3153, 3155, 3130, 3054] 7.895665087934091
[1414, 3108, 1284, 3130, 3065, 3054] 7.924620736866021
[1414, 1240, 1286, 1174, 1155, 1054] 7.9469843569977705
[1414, 3132, 1284, 3108, 3130, 3054] 7.950462759420733
[1414, 3108, 1284, 3132, 3065, 3054] 8.00586908874293
[1414, 1284, 1240, 3108, 3130, 3054] 8.054913302140521
[1414, 3132, 3153, 1240, 1284, 1314] 8.080381219645732
[1414, 1284, 3130, 3108, 3155, 3054] 8.102047507600751
[1414, 3153, 3132, 3174, 3155, 3054] 8.111491594631367
[1414, 1284, 3132, 3174, 3155, 3054] 8.246685190432679
[1414, 1240, 1284, 3108, 3130, 3054] 8.346481921977723
[1414, 3155, 3153, 1240, 1286, 1314] 8.39976044044074
[1414, 3108, 1240, 3153, 3155, 3054] 8.403205909054964
[1414, 3108, 3132, 3065, 3130, 3054] 8.532521805119208
[1414, 3153, 3155, 3065, 3130, 3054] 8.579836356335568
[1414, 3153, 1412, 3155, 3054] 8.603631318287492
[1414, 3108, 3132, 3155, 3130, 3054] 8.721260209459755
[1414, 1286, 1284, 3108, 3155, 3054] 8.73911049001521
[1414, 1286, 1284, 3130, 3065, 3054] 8.828891549050374
[1414, 3108, 1240, 1286, 1284, 1314] 8.845550856511121
[1414, 1284, 1413, 1286, 1314] 8.875345374161338
[1414, 3132, 1284, 1240, 1286, 1314] 8.89126603056482
[1414, 1286, 1240, 3108, 1284, 1314] 8.90149906018716
[1414, 1286, 1284, 3132, 3065, 3054] 8.910139900927282
[1414, 3155, 3153, 3132, 3130, 3054] 8.995877129641826
[1414, 3153, 3152, 3155, 3065, 3054] 9.048730429471314
[1414, 1286, 1174, 1065, 1155, 1054] 9.262074899155682
[1414, 3132, 3174, 3065, 3155, 3054] 9.263844663778317
[1414, 1286, 3108, 3155, 3065, 3054] 9.277451038363742
[1414, 3153, 1412, 3108, 3155, 3054] 9.3355406067622
[1414, 1286, 1284, 3108, 3130, 3054] 9.362699644462372
[1414, 3108, 3153, 3155, 3130, 3054] 9.457615867783735
[1414, 3108, 3132, 1284, 1314] 9.659187526819434
[1414, 1286, 3108, 1284, 1314] 9.734282746533118
[1414, 1284, 1413, 3108, 3155, 3054] 9.7532622616108
[1414, 3108, 1286, 1284, 1314] 9.784165153680707
[1414, 3132, 3130, 3108, 3155, 3054] 9.799347346450578
[1414, 3108, 1240, 1286, 1314] 9.80518964266911
[1414, 3108, 3155, 3132, 3130, 3054] 9.873473917339398
[1414, 1240, 1286, 3108, 1284, 1314] 9.964691838471607
[1414, 3153, 3132, 3130, 1284, 1314] 10.03220261240563
[1414, 1284, 3108, 1240, 1286, 1314] 10.045050187548213
[1414, 3153, 3155, 3108, 3130, 3054] 10.046325589630833
[1414, 3153, 3108, 3132, 1284, 1314] 10.05453446159995
[1414, 3108, 3155, 3130, 3054] 10.058049580297917
[1414, 3153, 3155, 3132, 1284, 1314] 10.059496206478961
[1414, 3153, 3108, 1286, 1284, 1314] 10.132310249367317
[1414, 3153, 3108, 1240, 1286, 1314] 10.137865946852669
[1414, 1284, 3108, 3155, 3130, 3054] 10.210884148904817
[1414, 3153, 1412, 3108, 3130, 3054] 10.220823021681632
[1414, 3153, 3108, 3155, 3130, 3054] 10.303699908209273
[1414, 3132, 3054] 10.309621079118475
[1414, 3132, 3155, 3065, 3130, 3054] 10.418994402956079
[1414, 3153, 1412, 3174, 3065, 3054] 10.457796664328889
[1414, 3155, 3065, 3130, 3054] 10.474150567996425
[1414, 3155, 3132, 3108, 3130, 3054] 10.557136255344135
[1414, 3155, 3132, 3065, 3130, 3054] 10.63073391446104
[1414, 1284, 1413, 3108, 3130, 3054] 10.638544676530232
[1414, 1240, 3108, 3132, 1284, 1314] 10.652969560676768
[1414, 3132, 3065, 3155, 3130, 3054] 10.682221464641245
[1414, 3155, 3065, 3132, 3130, 3054] 10.686985534473443
[1414, 3108, 1286, 1314] 10.728841430274407
[1414, 1240, 3108, 1286, 1284, 1314] 10.730745348444136
[1414, 1240, 3108, 3155, 3130, 3054] 10.902135007286091
[1414, 3108, 3153, 3132, 1284, 1314] 10.928751521895785
[1414, 3065, 3054] 10.96952308819802
[1414, 1284, 3108, 1286, 1314] 10.999133276220853
[1414, 1240, 1152, 1155, 1065, 1054] 11.082318538558752
[1414, 3153, 3108, 1286, 1314] 11.091949035525307
[1414, 3108, 1284, 3132, 3155, 3054] 11.26145957531112
[1414, 3155, 3153, 3108, 3130, 3054] 11.288585493538662
[1414, 1286, 3108, 3132, 3155, 3054] 11.311458435940207
[1414, 3153, 3132, 3108, 1286, 1314] 11.353044413489382
[1414, 1284, 3132, 3108, 1286, 1314] 11.488238009290693
[1414, 3108, 1286, 1174, 1065, 1054] 11.55284981404543
[1414, 3132, 3130, 1284, 1314] 11.584149723268114
[1414, 3153, 1240, 3108, 1286, 1314] 11.604117561375478
[1414, 3155, 3108, 1284, 1286, 1314] 11.663607274870134
[1414, 1240, 3108, 1286, 1314] 11.690384134602127
[1414, 3155, 3132, 1284, 1314] 11.757399636161267
[1414, 1240, 3153, 3108, 1286, 1314] 11.828891610491738
[1414, 3132, 3155, 3108, 3130, 3054] 11.885483636251344
[1414, 3155, 3108, 3130, 3054] 11.897811456401831
[1414, 3155, 3108, 3132, 3130, 3054] 11.972145624643247
[1414, 3132, 3108, 1286, 1284, 1314] 11.9765927301055
[1414, 3132, 3108, 1240, 1286, 1314] 11.982148427590849
[1414, 3132, 3108, 3155, 3130, 3054] 12.147982388947455
[1414, 1286, 1284, 3132, 3155, 3054] 12.165730387495472
[1414, 3153, 3152, 3155, 3054] 12.314573685039855
[1414, 3108, 3155, 3065, 3130, 3054] 12.59357033252551
[1414, 3153, 1412, 3155, 3130, 3054] 12.723015694506792
[1414, 1286, 3108, 3153, 3155, 3054] 12.769880478928243
[1414, 3132, 3174, 3065, 3130, 3054] 12.780070072359793
[1414, 3132, 3108, 1286, 1314] 12.93623151626349
[1414, 3132, 3174, 3155, 3130, 3054] 13.042595441573564
[1414, 3108, 1284, 3130, 3155, 3054] 13.082275369943675
[1414, 1240, 3153, 3152, 3155, 3054] 13.103757427822956
[1414, 3155, 3153, 3132, 1284, 1314] 13.19014132172893
[1414, 3132, 3153, 3108, 1286, 1314] 13.223325422117034
[1414, 3155, 3174, 3065, 3130, 3054] 13.272633505156989
[1414, 1286, 3108, 3130, 3155, 3054] 13.306469873276026
[1414, 1286, 1240, 3108, 3155, 3054] 13.319199775829038
[1414, 3108, 3132, 1284, 1286, 1314] 13.333690003997072
[1414, 3132, 1284, 3108, 1286, 1314] 13.425313588639288
[1414, 3108, 1284, 3130, 3054] 13.526521867571574
[1414, 1284, 1240, 3108, 1286, 1314] 13.529764131359077
[1414, 3108, 1284, 3132, 3130, 3054] 13.644546185747894
[1414, 3153, 1412, 3174, 3155, 3054] 13.742813942522094
[1414, 1240, 1284, 3108, 1286, 1314] 13.821332751196277
[1414, 1284, 1286, 3108, 3155, 3054] 13.821659889233324
[1414, 3153, 1240, 1152, 1155, 1054] 13.882579937181664
[1414, 3153, 1412, 3065, 3054] 13.890147730590552
[1414, 1286, 1240, 3108, 3130, 3054] 13.9427889302762
[1414, 3153, 3108, 1284, 3130, 3054] 13.954869273456813
[1414, 3132, 3174, 3286, 3284, 3314] 13.982235511115276
[1414, 1286, 1284, 3130, 3155, 3054] 13.98654618212803
[1414, 1240, 1152, 1155, 1054] 13.991820550464091
[1414, 1286, 3108, 3155, 3054] 14.109938769741735
[1414, 3065, 3155, 3054] 14.21774966715329
[1414, 3065, 3132, 3155, 3054] 14.33724067870553
[1414, 1240, 1286, 3108, 3155, 3054] 14.382392554113478
[1414, 1286, 1284, 3130, 3054] 14.43079267975593
[1414, 3065, 3132, 3108, 1284, 1314] 14.441651531249645
[1414, 1284, 1286, 3108, 3130, 3054] 14.445249043680489
[1414, 3132, 3153, 3152, 3155, 3054] 14.498191239448255
[1414, 1286, 1284, 3132, 3130, 3054] 14.548816997932251
[1414, 1240, 3108, 1284, 3130, 3054] 14.553304372533631
[1414, 1286, 3108, 3130, 3054] 14.74141758846463
[1414, 1240, 1286, 1284, 3130, 3054] 14.760538896938158
[1414, 1286, 3108, 3132, 3130, 3054] 14.815751756706046
[1414, 1286, 1174, 1065, 1130, 1054] 14.892405747874886
[1414, 1240, 1286, 3108, 3130, 3054] 15.00598170856064
[1414, 3132, 3130, 1284, 1286, 1314] 15.258652200445765
[1414, 1286, 1174, 1155, 1130, 1054] 15.276328252949492
[1414, 3155, 3132, 1284, 1286, 1314] 15.431902113338907
[1414, 3153, 1412, 3108, 1286, 1314] 15.53877198788746
[1414, 1240, 3153, 1412, 3155, 3054] 15.559804426874651
[1414, 3065, 3132, 3153, 3155, 3054] 15.56524219380564
[1414, 3132, 3108, 1284, 3130, 3054] 15.799151754194995
[1414, 1284, 1240, 1152, 1155, 1054] 15.80822650716526
[1414, 3065, 3174, 3155, 3054] 15.855801532755626
[1414, 3065, 3130, 3132, 3155, 3054] 15.904233551998345
[1414, 1284, 1413, 3108, 1286, 1314] 15.956493642736056
[1414, 3065, 3130, 3108, 1284, 1314] 15.995211980637343
[1414, 3065, 3130, 3155, 3054] 16.123614642564146
[1414, 3065, 3132, 3130, 3155, 3054] 16.241275363907114
[1414, 3153, 3132, 3054] 16.473400894833453
[1414, 3065, 3130, 3054] 16.5371069722134
[1414, 1284, 3132, 3054] 16.60859449063477
[1414, 3130, 3065, 3054] 16.627650009087162
[1414, 3130, 3132, 3155, 3065, 3054] 16.63796048853426
[1414, 3065, 3132, 3130, 3054] 16.685521861535022
[1414, 3130, 3132, 3065, 3054] 16.69473636416806
[1414, 3130, 3155, 3065, 3054] 16.77182224641641
[1414, 3130, 3108, 3132, 3065, 3054] 16.786002065528667
[1414, 3130, 3155, 3174, 3065, 3054] 16.797493512608195
[1414, 3132, 3152, 3153, 3155, 3054] 16.85582743018332
[1414, 3130, 3155, 3132, 3065, 3054] 16.915083920268167
[1414, 3132, 3153, 1412, 3155, 3054] 16.95423823849995
[1414, 3132, 1284, 1413, 1286, 1314] 17.106502726404067
[1414, 3153, 1412, 3065, 3155, 3054] 17.18916846443564
[1414, 3108, 1286, 1174, 1155, 1054] 17.314740544328966
[1414, 1240, 1284, 1413, 1286, 1314] 17.502521888961056
[1414, 3132, 3174, 3229] 17.697978193590696
[1414, 3153, 3152, 3155, 3130, 3054] 17.722610471130455
[1414, 3155, 3174, 3286, 3284, 3314] 17.75300101805205
[1414, 3153, 3132, 3174, 3229] 18.516268089442853
[1414, 3108, 3130, 1284, 1314] 18.633967632330965
[1414, 1284, 3132, 3174, 3229] 18.651461685244165
[1414, 3065, 3155, 3108, 1284, 1314] 18.827054010732773
[1414, 3065, 3132, 3108, 3155, 3054] 18.85935224689151
[1414, 3108, 3132, 3130, 1284, 1314] 18.908683429943288
[1414, 3108, 3130, 3132, 1284, 1314] 18.980652969678015
[1414, 3153, 3108, 3130, 1284, 1314] 19.028474933528095
[1414, 3153, 3155, 3130, 1284, 1314] 19.166873178214733
[1414, 3130, 3054] 19.38106937033211
[1414, 3065, 3155, 3132, 3130, 3054] 19.402359828423954
[1414, 3065, 3132, 3108, 3130, 3054] 19.482941401338675
[1414, 1284, 3130, 3108, 1286, 1314] 19.48988641138007
[1414, 3130, 3108, 3155, 3065, 3054] 19.50626001441106
[1414, 3153, 1412, 3065, 3130, 3054] 19.545062460745914
[1414, 3065, 3155, 3130, 3054] 19.58693549138247
[1414, 1240, 3108, 3130, 1284, 1314] 19.626910032604915
[1414, 3065, 3132, 3155, 3130, 3054] 19.74527746479613
[1414, 3130, 3132, 3155, 3054] 19.903803744102802
[1414, 3130, 3108, 1284, 1314] 19.96309172258044
[1414, 1240, 1152, 1155, 1130, 1054] 19.96794531227723
[1414, 3130, 3155, 3054] 19.98903242622221
[1414, 3130, 3132, 3108, 1284, 1314] 20.00821459664692
[1414, 3108, 3155, 3132, 1284, 1314] 20.40032057845737
[1414, 3155, 3108, 1240, 1286, 1314] 20.56347968845581
[1414, 3065, 3132, 1284, 1314] 20.683204782155794
[1414, 1286, 3108, 3155, 3130, 3054] 20.76950332423854
[1414, 3153, 3155, 3108, 1286, 1314] 20.810575338962988

End of calculation

Would you like to find the exact mean residence time of a specific pathway? (Yes/No): No


*****************************************
If you have any questions or suggestions about EHPath, please contact Ruijie Teo (rt131@duke.edu) or Dr. Ruobing Wang (ruobing.wang@operasolutions.com).
Citation: Teo, R. D.; Wang, R.; Smithwick, E.; Migliore, A.; Therien, M. J.; Beratan, D. N. Proc. Natl. Acad. Sci. U.S.A., 2019, 116, 15811-15816.
*****************************************

Copyright (C) 2019  Teo, R. D.; Wang, R.; Smithwick, E.; Migliore, A.; Therien, M. J.; Beratan, D. N.

This program is free software: you can redistribute it and/or modify it under the terms of the GNU General Public License as published by the Free Software Foundation, either version 3 of the License, or (at your option) any later version.

This program is distributed in the hope that it will be useful, but WITHOUT ANY WARRANTY; without even the implied warranty of MERCHANTABILITY or FITNESS FOR A PARTICULAR PURPOSE. See the GNU General Public License for more details.

You should have received a copy of the GNU General Public License along with this program. If not, see https://www.gnu.org/licenses/gpl.html.

Press Enter to exit EHPath.